[rgt-settings]
# 0: static OR 1: dynamic
response_type = 0


[dc-response]
potential_frequency = 0.000000000001
potential_fraction = 0.05
potential_magnitude = 100
resistivity = 1.0
capacitance = 0.000000000001
inductance = 0.00000000000000000001
leak_resistivity = 1000000000
