[file-dir]
rgt_output_path = ../results


[dc-response]
given_potential_frequency = 0.000000000001
resistivity = 1
capacitance = 0.000000000001
inductance = 0.00000000000000000001
leak_resistivity = 1000000000
